((("ac-php-remake-tags-all" .
   [0 0 0 0 0 0 0 0 0 0 0 0 0 0 0 0 0 0 0 1 0 0])
  ("ac-php-remake-tags" .
   [0 0 0 0 0 0 0 0 0 1 0 0 0 0 0 0 0 0])
  ("$string, $start, $length)" .
   [0 0 0 0 0 0 0 0 0 0 0 0 0 0 0 1 0 0 0 0 0 0 0 0 0])
  ("$string, $start" .
   [0 0 0 0 0 0 0 0 0 0 0 0 0 0 1])
  ("substr(" .
   [0 0 0 1 0 1 0])
  ("$new" .
   [0 1 0 0])
  ("$test" .
   [0 1 0 0 0])
  ("$string)" .
   [0 0 0 0 0 0 0 1])
  ("strlen(" .
   [0 0 0 0 1 0 0])
  ("$t" .
   [2 1])
  ("test" .
   [1 0 0 0])
  ("include" .
   [1 0 0 0 0 0 0])
  ("$argv" .
   [1 1 0 0 0])
  ("function" .
   [1 0 0 0 0 0 0 0])))
